
                        S T E P       1


                                INCREMENT     1


 forces (fx,fy,fz) for set LOADED_EDGE and time  0.5000000E-02

         8  3.064397E-01 -1.018694E-01  2.603444E-16
        10  3.066987E-01  1.020654E-01 -1.228636E-15
       309  4.083146E-01 -8.175202E-02  2.685724E-16
       310  3.702148E-01 -6.164626E-02  5.397594E-16
       311  3.562199E-01 -5.369638E-02 -1.269021E-15
       312  3.500965E-01 -4.494777E-02 -5.672399E-16
       313  3.445443E-01 -3.698536E-02  6.607658E-17
       314  3.428168E-01 -3.203593E-02  7.479078E-16
       315  3.411963E-01 -2.346047E-02  2.792546E-16
       316  3.403536E-01 -1.905777E-02  3.635902E-16
       317  3.397711E-01 -1.413692E-02  2.944867E-16
       318  3.398625E-01 -7.337832E-03 -6.397991E-16
       319  3.392885E-01 -2.707997E-03  7.158566E-16
       320  3.393497E-01  2.490869E-03  1.867889E-16
       321  3.394174E-01  7.822010E-03  1.723047E-15
       322  3.397320E-01  1.322328E-02 -3.199207E-16
       323  3.403775E-01  1.878249E-02 -5.696307E-16
       324  3.412775E-01  2.462472E-02 -7.901879E-17
       325  3.428040E-01  3.088309E-02  1.427792E-16
       326  3.451551E-01  3.761901E-02  3.974567E-16
       327  3.491735E-01  4.505791E-02 -1.869275E-16
       328  3.565431E-01  5.321556E-02  1.111741E-15
       329  3.708541E-01  6.343220E-02 -8.427792E-16
       330  4.074615E-01  8.041979E-02 -1.856216E-16

 total force (fx,fy,fz) for set LOADED_EDGE and time  0.5000000E-02

        8.357963E+00  2.196170E-06  1.209067E-15

                                INCREMENT     2


 forces (fx,fy,fz) for set LOADED_EDGE and time  0.1000000E-01

         8  6.127363E-01 -2.037328E-01 -1.237336E-16
        10  6.132544E-01  2.041252E-01 -3.359843E-15
       309  8.165073E-01 -1.635034E-01  4.009115E-16
       310  7.403324E-01 -1.232885E-01  1.631728E-15
       311  7.123509E-01 -1.073876E-01 -2.634704E-15
       312  7.001084E-01 -8.989063E-02  1.623573E-16
       313  6.890071E-01 -7.396613E-02 -1.195999E-16
       314  6.855533E-01 -6.406774E-02  7.937963E-16
       315  6.823135E-01 -4.691777E-02  2.130523E-16
       316  6.806286E-01 -3.811281E-02  3.568168E-16
       317  6.794641E-01 -2.827181E-02  4.658662E-16
       318  6.796469E-01 -1.467459E-02  2.750368E-16
       319  6.784992E-01 -5.415651E-03  1.046087E-15
       320  6.786216E-01  4.981392E-03  1.129532E-15
       321  6.787570E-01  1.564286E-02  2.181614E-15
       322  6.793859E-01  2.644466E-02 -2.690955E-16
       323  6.806765E-01  3.756232E-02 -1.260780E-15
       324  6.824758E-01  4.924607E-02 -3.625058E-17
       325  6.855279E-01  6.176210E-02  1.043192E-15
       326  6.902285E-01  7.523336E-02  1.547413E-15
       327  6.982627E-01  9.011084E-02 -4.994442E-16
       328  7.129974E-01  1.064262E-01  5.860384E-16
       329  7.416100E-01  1.268607E-01 -1.433783E-15
       330  8.148017E-01  1.608382E-01  1.809059E-16

 total force (fx,fy,fz) for set LOADED_EDGE and time  0.1000000E-01

        1.671375E+01  4.401587E-06  2.277114E-15

                                INCREMENT     3


 forces (fx,fy,fz) for set LOADED_EDGE and time  0.1750000E-01

         8  1.071913E+00 -3.565169E-01  1.363669E-16
        10  1.072820E+00  3.572044E-01 -4.041937E-15
       309  1.428568E+00 -2.861294E-01 -3.468991E-16
       310  1.295327E+00 -2.157443E-01  2.157991E-15
       311  1.246381E+00 -1.879149E-01 -5.085225E-15
       312  1.224968E+00 -1.572957E-01 -2.751878E-18
       313  1.205549E+00 -1.294287E-01 -1.235027E-15
       314  1.199508E+00 -1.121077E-01  9.737813E-16
       315  1.193841E+00 -8.209774E-02 -9.209566E-16
       316  1.190894E+00 -6.669027E-02 -5.579634E-16
       317  1.188857E+00 -4.947033E-02 -1.965089E-15
       318  1.189177E+00 -2.567771E-02  2.474297E-16
       319  1.187170E+00 -9.476490E-03  4.408007E-15
       320  1.187384E+00  8.716530E-03  3.273145E-15
       321  1.187620E+00  2.737198E-02  4.127308E-15
       322  1.188720E+00  4.627320E-02 -2.339710E-15
       323  1.190978E+00  6.572708E-02 -4.508309E-15
       324  1.194125E+00  8.617179E-02  3.961213E-16
       325  1.199463E+00  1.080730E-01 -1.650111E-15
       326  1.207685E+00  1.316461E-01  2.181638E-15
       327  1.221739E+00  1.576809E-01  1.953839E-15
       328  1.247512E+00  1.862330E-01  2.297702E-15
       329  1.297560E+00  2.219963E-01 -1.566161E-15
       330  1.425585E+00  2.814634E-01  2.860633E-15

 total force (fx,fy,fz) for set LOADED_EDGE and time  0.1750000E-01

        2.924334E+01  7.726897E-06  7.938228E-16

                                INCREMENT     4


 forces (fx,fy,fz) for set LOADED_EDGE and time  0.2875000E-01

         8  1.759289E+00 -5.854058E-01  6.455530E-16
        10  1.760786E+00  5.865400E-01 -5.205355E-15
       309  2.345101E+00 -4.698547E-01  7.636932E-16
       310  2.126465E+00 -3.542508E-01  3.126114E-16
       311  2.046146E+00 -3.085434E-01 -5.554200E-15
       312  2.011012E+00 -2.582636E-01 -1.392173E-17
       313  1.979145E+00 -2.125042E-01 -1.956557E-15
       314  1.969233E+00 -1.840640E-01 -1.312403E-15
       315  1.959936E+00 -1.347902E-01 -9.950675E-16
       316  1.955100E+00 -1.094927E-01 -1.416076E-15
       317  1.951758E+00 -8.122045E-02 -4.473217E-16
       318  1.952285E+00 -4.215740E-02 -9.686741E-16
       319  1.948990E+00 -1.555878E-02  2.732164E-16
       320  1.949342E+00  1.431082E-02 -2.021598E-15
       321  1.949731E+00  4.493900E-02  6.318087E-15
       322  1.951536E+00  7.597145E-02 -7.366992E-15
       323  1.955241E+00  1.079114E-01 -9.443243E-15
       324  1.960406E+00  1.414791E-01 -2.915315E-15
       325  1.969167E+00  1.774389E-01 -2.129951E-15
       326  1.982659E+00  2.161453E-01  3.054551E-15
       327  2.005720E+00  2.588962E-01  5.258729E-15
       328  2.048012E+00  3.057839E-01  1.675528E-15
       329  2.130136E+00  3.645204E-01 -3.159687E-15
       330  2.340217E+00  4.621895E-01  1.882188E-15

 total force (fx,fy,fz) for set LOADED_EDGE and time  0.2875000E-01

        4.800741E+01  1.994327E-05 -2.472220E-14

                                INCREMENT     5


 forces (fx,fy,fz) for set LOADED_EDGE and time  0.4562500E-01

         8  2.765017E+00 -9.206920E-01  2.062450E-15
        10  2.767548E+00  9.225380E-01 -1.095481E-14
       309  3.686871E+00 -7.390097E-01  1.874962E-15
       310  3.343454E+00 -5.571058E-01  7.723197E-15
       311  3.217327E+00 -4.851729E-01 -3.356539E-15
       312  3.162187E+00 -4.060689E-01  6.639016E-16
       313  3.112149E+00 -3.340884E-01 -6.002705E-15
       314  3.096598E+00 -2.893544E-01 -3.637601E-16
       315  3.082008E+00 -2.118691E-01  5.880723E-16
       316  3.074416E+00 -1.720947E-01  1.833796E-15
       317  3.069170E+00 -1.276478E-01  5.663730E-16
       318  3.070000E+00 -6.624823E-02  4.948941E-16
       319  3.064829E+00 -2.444695E-02  2.859525E-15
       320  3.065391E+00  2.249732E-02  5.025412E-15
       321  3.066014E+00  7.063328E-02  1.064663E-14
       322  3.068863E+00  1.194102E-01  1.069402E-15
       323  3.074698E+00  1.696203E-01 -6.575730E-15
       324  3.082822E+00  2.223987E-01 -4.046706E-15
       325  3.096591E+00  2.789482E-01 -4.013714E-15
       326  3.117784E+00  3.398291E-01  1.408130E-14
       327  3.153999E+00  4.070839E-01  1.158311E-15
       328  3.220417E+00  4.808585E-01  7.218899E-15
       329  3.349396E+00  5.732932E-01 -9.028099E-15
       330  3.679423E+00  7.269765E-01 -3.860056E-16

 total force (fx,fy,fz) for set LOADED_EDGE and time  0.4562500E-01

        7.548697E+01  2.883383E-04  1.313906E-14

                                INCREMENT     6


 forces (fx,fy,fz) for set LOADED_EDGE and time  0.7062500E-01

         8  3.277566E+00 -1.107705E+00  8.518831E-15
        10  3.280764E+00  1.110237E+00 -2.151085E-14
       309  4.795081E+00 -9.177655E-01  2.371295E-15
       310  4.262252E+00 -6.951905E-01  1.444014E-14
       311  4.085497E+00 -6.128699E-01 -1.851387E-15
       312  4.009613E+00 -5.126881E-01 -7.585739E-16
       313  3.943174E+00 -4.203706E-01  3.046048E-15
       314  3.921781E+00 -3.632431E-01  1.334783E-15
       315  3.901703E+00 -2.649100E-01 -3.204336E-15
       316  3.890814E+00 -2.148210E-01  3.022359E-15
       317  3.883166E+00 -1.588488E-01  2.959239E-15
       318  3.883369E+00 -8.215595E-02 -1.856250E-15
       319  3.876544E+00 -3.019392E-02  5.393741E-16
       320  3.877358E+00  2.819042E-02  4.001019E-15
       321  3.878665E+00  8.810086E-02  1.164240E-14
       322  3.883139E+00  1.490049E-01 -4.724866E-15
       323  3.891700E+00  2.120100E-01 -1.375977E-14
       324  3.903418E+00  2.786317E-01 -3.802983E-15
       325  3.922519E+00  3.505015E-01 -1.226040E-15
       326  3.951361E+00  4.280174E-01  6.107281E-15
       327  3.999898E+00  5.145875E-01 -5.813342E-16
       328  4.090232E+00  6.076371E-01  1.353384E-14
       329  4.275390E+00  7.128121E-01 -9.267830E-15
       330  4.787467E+00  9.060390E-01 -3.269391E-15

 total force (fx,fy,fz) for set LOADED_EDGE and time  0.7062500E-01

        9.547247E+01  5.007919E-03  5.703000E-15

                                INCREMENT     7


 forces (fx,fy,fz) for set LOADED_EDGE and time  0.9562500E-01

         8  3.323394E+00 -1.150505E+00  7.276047E-15
        10  3.324207E+00  1.146790E+00 -1.095091E-14
       309  5.069199E+00 -9.237305E-01 -7.697154E-15
       310  4.499589E+00 -7.234813E-01  3.749425E-15
       311  4.297269E+00 -6.395523E-01 -6.863434E-16
       312  4.212849E+00 -5.336836E-01 -2.152863E-15
       313  4.139952E+00 -4.364195E-01 -9.894176E-15
       314  4.115434E+00 -3.761376E-01  3.595048E-15
       315  4.092414E+00 -2.732795E-01  1.443535E-14
       316  4.079344E+00 -2.212956E-01  1.351717E-14
       317  4.069988E+00 -1.631661E-01  1.834740E-14
       318  4.069039E+00 -8.415794E-02 -2.158875E-17
       319  4.061381E+00 -3.087764E-02  7.630783E-15
       320  4.062134E+00  2.901295E-02 -3.380043E-17
       321  4.063877E+00  9.051006E-02  2.781870E-14
       322  4.069331E+00  1.532111E-01 -2.890588E-14
       323  4.079419E+00  2.183773E-01 -1.076779E-14
       324  4.093129E+00  2.876502E-01 -2.768342E-15
       325  4.114829E+00  3.628333E-01  1.081596E-14
       326  4.147072E+00  4.443016E-01  2.012876E-14
       327  4.200691E+00  5.355420E-01 -1.460564E-14
       328  4.300528E+00  6.334792E-01  1.661518E-15
       329  4.515221E+00  7.386904E-01 -6.845415E-15
       330  5.050659E+00  9.188629E-01 -8.283909E-15

 total force (fx,fy,fz) for set LOADED_EDGE and time  0.9562500E-01

        1.000509E+02  2.974624E-03  2.536235E-14

                                INCREMENT     8


 forces (fx,fy,fz) for set LOADED_EDGE and time  0.1206250E+00

         8  3.332338E+00 -1.171123E+00 -5.445575E-16
        10  3.335132E+00  1.169652E+00 -2.195474E-14
       309  5.226006E+00 -9.267852E-01 -5.007143E-15
       310  4.657071E+00 -7.364625E-01  7.641889E-15
       311  4.431010E+00 -6.548608E-01 -5.376398E-15
       312  4.338931E+00 -5.462276E-01 -8.961691E-15
       313  4.260980E+00 -4.461508E-01 -7.906336E-15
       314  4.234066E+00 -3.840263E-01  1.052460E-14
       315  4.208910E+00 -2.784370E-01 -1.483531E-14
       316  4.194332E+00 -2.252987E-01 -5.626803E-15
       317  4.183823E+00 -1.658385E-01  1.225672E-14
       318  4.182110E+00 -8.541002E-02 -7.943183E-15
       319  4.173926E+00 -3.132545E-02 -2.023872E-14
       320  4.174670E+00  2.948641E-02 -1.009120E-14
       321  4.176743E+00  9.195526E-02  3.511153E-15
       322  4.182901E+00  1.557623E-01 -1.270480E-14
       323  4.194069E+00  2.222669E-01 -1.283357E-14
       324  4.209194E+00  2.931868E-01 -1.082072E-14
       325  4.232754E+00  3.704376E-01  8.767913E-15
       326  4.267468E+00  4.543910E-01  1.401640E-14
       327  4.324862E+00  5.484817E-01 -6.474620E-15
       328  4.431762E+00  6.494494E-01  1.557034E-14
       329  4.669683E+00  7.541634E-01 -1.435684E-14
       330  5.211824E+00  9.181051E-01 -7.681869E-17

 total force (fx,fy,fz) for set LOADED_EDGE and time  0.1206250E+00

        1.028346E+02  5.392840E-03 -9.346445E-14

                                INCREMENT     9


 forces (fx,fy,fz) for set LOADED_EDGE and time  0.1456250E+00

         8  3.336001E+00 -1.179979E+00  1.074486E-14
        10  3.340901E+00  1.182161E+00 -3.447046E-14
       309  5.295120E+00 -9.315431E-01 -8.494017E-15
       310  4.754654E+00 -7.399160E-01  5.128717E-15
       311  4.508790E+00 -6.623817E-01 -3.055077E-14
       312  4.410952E+00 -5.531250E-01 -1.722906E-14
       313  4.329755E+00 -4.515797E-01 -1.001115E-14
       314  4.301479E+00 -3.884974E-01  1.915815E-14
       315  4.275199E+00 -2.813349E-01 -9.789194E-15
       316  4.259934E+00 -2.274792E-01  4.381280E-15
       317  4.248962E+00 -1.671996E-01  7.973352E-15
       318  4.247037E+00 -8.582393E-02  1.246922E-14
       319  4.238751E+00 -3.117093E-02  1.346725E-14
       320  4.239701E+00  3.028949E-02 -2.030179E-15
       321  4.242178E+00  9.343720E-02 -6.642606E-15
       322  4.248970E+00  1.579938E-01 -3.887619E-14
       323  4.261024E+00  2.253669E-01 -2.681264E-14
       324  4.277288E+00  2.973100E-01  1.547619E-14
       325  4.302371E+00  3.757757E-01  4.722639E-15
       326  4.339196E+00  4.611022E-01  1.803498E-14
       327  4.399973E+00  5.567113E-01 -1.659178E-14
       328  4.513978E+00  6.581237E-01  9.745360E-15
       329  4.777236E+00  7.585279E-01 -2.848634E-14
       330  5.281320E+00  9.185998E-01  5.973320E-15

 total force (fx,fy,fz) for set LOADED_EDGE and time  0.1456250E+00

        1.044308E+02  1.536893E-02 -1.027091E-13

                                INCREMENT    10


 forces (fx,fy,fz) for set LOADED_EDGE and time  0.1706250E+00

         8  3.339546E+00 -1.189375E+00  9.336959E-15
        10  3.344960E+00  1.191477E+00 -2.084288E-14
       309  5.331888E+00 -9.296596E-01  1.240999E-14
       310  4.830770E+00 -7.414691E-01  4.610892E-15
       311  4.565681E+00 -6.673842E-01 -2.509472E-14
       312  4.462800E+00 -5.580059E-01  2.434557E-14
       313  4.378818E+00 -4.554277E-01 -9.988704E-15
       314  4.349348E+00 -3.916523E-01 -1.680825E-14
       315  4.322088E+00 -2.833803E-01 -1.062757E-14
       316  4.306211E+00 -2.290220E-01  9.019078E-15
       317  4.294820E+00 -1.681619E-01 -8.113427E-15
       318  4.292673E+00 -8.613090E-02 -2.408203E-14
       319  4.284272E+00 -3.109119E-02 -2.455508E-15
       320  4.285351E+00  3.081100E-02  3.019172E-14
       321  4.288119E+00  9.442120E-02  1.761253E-14
       322  4.295391E+00  1.594918E-01  3.398664E-15
       323  4.308127E+00  2.274652E-01 -1.472214E-14
       324  4.325287E+00  3.001212E-01  7.391809E-15
       325  4.351578E+00  3.794295E-01  2.684219E-14
       326  4.390102E+00  4.657035E-01  3.613737E-14
       327  4.453644E+00  5.623597E-01 -4.435324E-15
       328  4.573624E+00  6.636521E-01  2.775553E-14
       329  4.859293E+00  7.598348E-01 -1.313734E-14
       330  5.319222E+00  9.175849E-01  7.828067E-15

 total force (fx,fy,fz) for set LOADED_EDGE and time  0.1706250E+00

        1.055536E+02  2.159228E-02  6.657249E-14

                                INCREMENT    11


 forces (fx,fy,fz) for set LOADED_EDGE and time  0.1956250E+00

         8  3.342578E+00 -1.197209E+00  1.338422E-14
        10  3.347562E+00  1.197751E+00 -1.461471E-14
       309  5.362735E+00 -9.282327E-01  6.549383E-15
       310  4.894558E+00 -7.428772E-01  1.986346E-14
       311  4.612964E+00 -6.717800E-01 -4.000594E-14
       312  4.505615E+00 -5.623603E-01  2.117276E-15
       313  4.419122E+00 -4.589412E-01  4.230207E-15
       314  4.388515E+00 -3.946015E-01  6.773692E-15
       315  4.360305E+00 -2.854033E-01  2.104368E-14
       316  4.343804E+00 -2.306146E-01  9.136848E-15
       317  4.331944E+00 -1.692484E-01  4.021596E-14
       318  4.329489E+00 -8.663151E-02 -8.718049E-15
       319  4.320861E+00 -3.123675E-02  3.584094E-14
       320  4.321901E+00  3.106795E-02  3.996510E-15
       321  4.324758E+00  9.509420E-02  7.530680E-15
       322  4.332268E+00  1.606107E-01 -4.302782E-14
       323  4.345414E+00  2.290799E-01 -8.663969E-15
       324  4.363174E+00  3.022992E-01 -1.079408E-14
       325  4.390382E+00  3.822259E-01  1.072754E-14
       326  4.430322E+00  4.690693E-01  2.605614E-14
       327  4.496594E+00  5.664764E-01 -3.445201E-14
       328  4.623159E+00  6.657437E-01  3.601111E-14
       329  4.917835E+00  7.655948E-01 -4.676797E-14
       330  5.343234E+00  9.134133E-01  3.844216E-14

 total force (fx,fy,fz) for set LOADED_EDGE and time  0.1956250E+00

        1.064491E+02  1.928974E-02  7.487526E-14

                                INCREMENT    12


 forces (fx,fy,fz) for set LOADED_EDGE and time  0.2206250E+00

         8  3.344823E+00 -1.203060E+00  3.220548E-15
        10  3.349945E+00  1.203353E+00 -1.799735E-14
       309  5.385820E+00 -9.273187E-01  5.250472E-15
       310  4.942733E+00 -7.440213E-01  1.320283E-14
       311  4.649052E+00 -6.751465E-01 -2.113685E-14
       312  4.538642E+00 -5.656626E-01  2.787319E-14
       313  4.450543E+00 -4.615878E-01 -8.092059E-15
       314  4.419345E+00 -3.968010E-01  2.064871E-14
       315  4.390693E+00 -2.868407E-01 -2.213599E-14
       316  4.373978E+00 -2.316831E-01 -4.040138E-14
       317  4.362018E+00 -1.699008E-01 -1.293024E-14
       318  4.359595E+00 -8.676780E-02 -1.111064E-14
       319  4.351036E+00 -3.104799E-02 -2.484940E-14
       320  4.352299E+00  3.162570E-02 -1.611475E-14
       321  4.355475E+00  9.603441E-02  1.156313E-14
       322  4.363426E+00  1.619600E-01 -6.564610E-15
       323  4.377160E+00  2.308778E-01 -2.885997E-14
       324  4.395680E+00  3.045956E-01 -6.740836E-15
       325  4.423945E+00  3.850578E-01  2.277149E-14
       326  4.465420E+00  4.723701E-01  4.213409E-14
       327  4.534479E+00  5.704057E-01  5.757843E-15
       328  4.667462E+00  6.676475E-01  3.679517E-15
       329  4.970180E+00  7.711941E-01 -5.934195E-14
       330  5.364600E+00  9.094899E-01 -1.995023E-14

 total force (fx,fy,fz) for set LOADED_EDGE and time  0.2206250E+00

        1.071883E+02  2.477407E-02 -1.401244E-13

                                INCREMENT    13


 forces (fx,fy,fz) for set LOADED_EDGE and time  0.2456250E+00

         8  3.346633E+00 -1.207500E+00 -2.044712E-14
        10  3.351879E+00  1.207896E+00 -2.536696E-14
       309  5.404080E+00 -9.258152E-01 -3.598309E-14
       310  4.983786E+00 -7.468405E-01  1.482465E-14
       311  4.682321E+00 -6.774766E-01 -2.493253E-14
       312  4.568253E+00 -5.686643E-01 -4.376409E-14
       313  4.478329E+00 -4.640174E-01  3.221404E-14
       314  4.446371E+00 -3.989187E-01  3.114592E-15
       315  4.417148E+00 -2.883408E-01 -3.744207E-14
       316  4.400119E+00 -2.328613E-01 -3.109583E-14
       317  4.387959E+00 -1.707061E-01 -1.676754E-14
       318  4.385453E+00 -8.709556E-02 -2.419964E-14
       319  4.376840E+00 -3.106678E-02 -1.653533E-14
       320  4.378172E+00  3.195748E-02 -4.029646E-14
       321  4.381489E+00  9.672889E-02  3.247761E-15
       322  4.389676E+00  1.630347E-01 -2.648776E-14
       323  4.403759E+00  2.323595E-01 -7.709841E-14
       324  4.422763E+00  3.065193E-01 -1.875941E-14
       325  4.451749E+00  3.874449E-01  1.873340E-14
       326  4.494331E+00  4.751572E-01  4.610383E-14
       327  4.565517E+00  5.737121E-01 -1.046944E-14
       328  4.703582E+00  6.693062E-01  7.646453E-15
       329  5.012690E+00  7.758524E-01 -4.368757E-14
       330  5.381873E+00  9.064297E-01 -1.426754E-14

 total force (fx,fy,fz) for set LOADED_EDGE and time  0.2456250E+00

        1.078148E+02  2.709532E-02 -3.817160E-13

                                INCREMENT    14


 forces (fx,fy,fz) for set LOADED_EDGE and time  0.2706250E+00

         8  3.348006E+00 -1.210961E+00  1.369509E-14
        10  3.353477E+00  1.211662E+00 -2.364785E-14
       309  5.418524E+00 -9.228243E-01  1.734508E-14
       310  5.018363E+00 -7.520638E-01  4.152402E-14
       311  4.714118E+00 -6.786208E-01 -1.512951E-15
       312  4.595607E+00 -5.713872E-01  3.292192E-14
       313  4.503570E+00 -4.661889E-01 -4.054122E-14
       314  4.470665E+00 -4.009374E-01 -3.186579E-14
       315  4.440750E+00 -2.898734E-01  2.973910E-14
       316  4.423324E+00 -2.341155E-01  3.097247E-14
       317  4.410884E+00 -1.716270E-01  2.832617E-14
       318  4.408208E+00 -8.757684E-02  2.435945E-14
       319  4.399450E+00 -3.125773E-02  4.747843E-14
       320  4.400742E+00  3.209603E-02  2.414400E-14
       321  4.404076E+00  9.720797E-02  2.378443E-14
       322  4.412355E+00  1.638658E-01 -4.695899E-14
       323  4.426621E+00  2.335609E-01 -4.976809E-15
       324  4.445914E+00  3.081170E-01 -1.489112E-14
       325  4.475384E+00  3.894511E-01  4.298791E-14
       326  4.518768E+00  4.775132E-01 -1.024397E-14
       327  4.591601E+00  5.765113E-01  1.773051E-14
       328  4.733766E+00  6.707413E-01  5.174283E-14
       329  5.048038E+00  7.797896E-01 -3.190659E-14
       330  5.396165E+00  9.039716E-01 -1.151722E-14

 total force (fx,fy,fz) for set LOADED_EDGE and time  0.2706250E+00

        1.083584E+02  2.705378E-02  2.086889E-13

                                INCREMENT    15


 forces (fx,fy,fz) for set LOADED_EDGE and time  0.2956250E+00

         8  3.349102E+00 -1.213776E+00  8.538356E-15
        10  3.354872E+00  1.214929E+00 -4.498152E-14
       309  5.430309E+00 -9.198502E-01 -9.035792E-15
       310  5.047300E+00 -7.572694E-01 -6.259323E-15
       311  4.741884E+00 -6.793485E-01 -1.320342E-14
       312  4.619314E+00 -5.737228E-01  6.188241E-15
       313  4.525393E+00 -4.680393E-01 -1.591198E-14
       314  4.491650E+00 -4.026883E-01 -1.912269E-14
       315  4.461139E+00 -2.912172E-01 -4.580523E-14
       316  4.443384E+00 -2.352168E-01  2.952299E-14
       317  4.430717E+00 -1.724382E-01 -3.697432E-14
       318  4.427910E+00 -8.799702E-02 -4.452844E-14
       319  4.419040E+00 -3.141666E-02 -4.007678E-14
       320  4.420308E+00  3.223361E-02 -2.019199E-14
       321  4.423662E+00  9.765204E-02  3.558783E-14
       322  4.432025E+00  1.646255E-01  1.360110E-15
       323  4.446452E+00  2.346505E-01  3.160822E-14
       324  4.465995E+00  3.095568E-01  2.152034E-14
       325  4.495885E+00  3.912489E-01  2.279419E-14
       326  4.539965E+00  4.796150E-01  9.843103E-14
       327  4.614235E+00  5.789948E-01  5.710715E-15
       328  4.759976E+00  6.720298E-01  3.191254E-14
       329  5.078760E+00  7.832464E-01 -1.156171E-14
       330  5.408576E+00  9.018765E-01 -8.755485E-15

 total force (fx,fy,fz) for set LOADED_EDGE and time  0.2956250E+00

        1.088279E+02  2.767875E-02 -2.323412E-14

                                INCREMENT    16


 forces (fx,fy,fz) for set LOADED_EDGE and time  0.3206250E+00

         8  3.349986E+00 -1.216085E+00 -1.419053E-14
        10  3.356154E+00  1.217882E+00 -3.491639E-14
       309  5.439947E+00 -9.174441E-01 -1.059243E-14
       310  5.071124E+00 -7.615740E-01 -1.852655E-14
       311  4.764880E+00 -6.799518E-01 -5.804972E-14
       312  4.639078E+00 -5.756354E-01 -4.168954E-14
       313  4.543702E+00 -4.695415E-01 -2.814271E-14
       314  4.509357E+00 -4.040990E-01  2.396766E-14
       315  4.478440E+00 -2.922677E-01 -2.139170E-14
       316  4.460493E+00 -2.360513E-01 -4.041229E-14
       317  4.447714E+00 -1.730203E-01 -3.307039E-14
       318  4.444873E+00 -8.823130E-02 -4.039692E-14
       319  4.435976E+00 -3.141713E-02 -1.636862E-14
       320  4.437290E+00  3.249810E-02  2.410714E-14
       321  4.440727E+00  9.818996E-02  1.969130E-14
       322  4.449224E+00  1.654449E-01 -3.104183E-14
       323  4.463852E+00  2.357633E-01  1.543114E-14
       324  4.483678E+00  3.109791E-01  1.508968E-15
       325  4.514004E+00  3.929856E-01  2.547888E-15
       326  4.558776E+00  4.816140E-01  4.613102E-14
       327  4.634413E+00  5.813240E-01 -1.026120E-14
       328  4.783471E+00  6.732591E-01  3.990636E-14
       329  5.106452E+00  7.864083E-01 -2.238904E-14
       330  5.419793E+00  9.000185E-01  2.399119E-15

 total force (fx,fy,fz) for set LOADED_EDGE and time  0.3206250E+00

        1.092334E+02  3.104852E-02 -2.457493E-13

                                INCREMENT    17


 forces (fx,fy,fz) for set LOADED_EDGE and time  0.3456250E+00

         8  3.350620E+00 -1.217814E+00 -6.095778E-15
        10  3.357433E+00  1.220725E+00 -6.339280E-14
       309  5.447096E+00 -9.156991E-01  1.249993E-15
       310  5.089075E+00 -7.648440E-01 -7.924033E-15
       311  4.782490E+00 -6.804102E-01 -6.194090E-14
       312  4.654495E+00 -5.770433E-01 -2.051155E-14
       313  4.558236E+00 -4.706186E-01  1.627261E-14
       314  4.523626E+00 -4.050870E-01  2.919331E-14
       315  4.492593E+00 -2.929348E-01  6.992332E-15
       316  4.474672E+00 -2.365233E-01 -1.802664E-14
       317  4.461976E+00 -1.732764E-01 -1.331157E-14
       318  4.459280E+00 -8.817353E-02  1.760237E-14
       319  4.450517E+00 -3.114433E-02 -2.967577E-14
       320  4.452023E+00  3.301478E-02 -2.423548E-14
       321  4.455677E+00  9.895895E-02  2.763873E-14
       322  4.464436E+00  1.664750E-01 -6.658090E-15
       323  4.479384E+00  2.370648E-01  2.746968E-14
       324  4.499607E+00  3.125635E-01  5.479048E-15
       325  4.530479E+00  3.948543E-01  3.472343E-14
       326  4.576052E+00  4.837113E-01  5.820753E-14
       327  4.653153E+00  5.837091E-01 -1.437391E-14
       328  4.805572E+00  6.745532E-01  5.601539E-14
       329  5.132839E+00  7.894976E-01 -4.427071E-14
       330  5.430565E+00  8.982761E-01 -6.190815E-15

 total force (fx,fy,fz) for set LOADED_EDGE and time  0.3456250E+00

        1.095819E+02  3.983477E-02 -3.576361E-14

                                INCREMENT    18


 forces (fx,fy,fz) for set LOADED_EDGE and time  0.3706250E+00

         8  3.351078E+00 -1.219127E+00  8.447731E-15
        10  3.358590E+00  1.223264E+00 -4.077251E-14
       309  5.452533E+00 -9.143755E-01 -2.440056E-14
       310  5.102911E+00 -7.673430E-01 -1.185720E-14
       311  4.796241E+00 -6.807200E-01 -1.714009E-14
       312  4.666697E+00 -5.780584E-01  3.666253E-15
       313  4.569871E+00 -4.713643E-01 -4.410818E-14
       314  4.535159E+00 -4.057520E-01  1.667071E-14
       315  4.504136E+00 -2.933275E-01  1.497321E-14
       316  4.486326E+00 -2.367509E-01 -2.508024E-14
       317  4.473783E+00 -1.733270E-01 -3.670908E-14
       318  4.471291E+00 -8.796138E-02 -3.799708E-15
       319  4.462716E+00 -3.075144E-02  1.946755E-14
       320  4.464460E+00  3.361271E-02  2.812639E-14
       321  4.468375E+00  9.976927E-02  5.980660E-14
       322  4.477432E+00  1.675064E-01  1.605845E-15
       323  4.492731E+00  2.383268E-01 -6.885031E-14
       324  4.513375E+00  3.140659E-01  3.779687E-14
       325  4.544807E+00  3.965980E-01 -1.362370E-15
       326  4.591169E+00  4.856458E-01  5.739307E-15
       327  4.669662E+00  5.858872E-01 -4.645782E-14
       328  4.825185E+00  6.757381E-01  3.569080E-14
       329  5.156409E+00  7.922702E-01 -5.967289E-14
       330  5.440218E+00  8.967271E-01  3.029730E-14

 total force (fx,fy,fz) for set LOADED_EDGE and time  0.3706250E+00

        1.098752E+02  5.055277E-02 -1.179224E-13

                                INCREMENT    19


 forces (fx,fy,fz) for set LOADED_EDGE and time  0.3956250E+00

         8  3.351284E+00 -1.219885E+00  4.264953E-14
        10  3.360156E+00  1.226759E+00  1.874972E-14
       309  5.455687E+00 -9.136117E-01 -3.730036E-14
       310  5.111360E+00 -7.688149E-01 -2.575265E-14
       311  4.805071E+00 -6.808052E-01 -4.539908E-14
       312  4.674927E+00 -5.785062E-01 -9.997134E-16
       313  4.578045E+00 -4.716100E-01 -1.555648E-14
       314  4.543522E+00 -4.059167E-01  3.802081E-14
       315  4.512752E+00 -2.932603E-01  2.857574E-14
       316  4.495237E+00 -2.365442E-01  1.179873E-14
       317  4.483008E+00 -1.729837E-01  3.176288E-14
       318  4.480871E+00 -8.740259E-02 -2.374024E-14
       319  4.472627E+00 -3.004292E-02  6.978273E-15
       320  4.474745E+00  3.449134E-02 -8.251371E-18
       321  4.479056E+00  1.008251E-01  5.570711E-14
       322  4.488548E+00  1.687510E-01  1.000590E-14
       323  4.504340E+00  2.397724E-01 -9.704583E-14
       324  4.525560E+00  3.157236E-01  3.383417E-14
       325  4.557719E+00  3.984838E-01  7.083808E-14
       326  4.605095E+00  4.876915E-01  6.229612E-14
       327  4.685215E+00  5.881722E-01 -2.246849E-14
       328  4.844644E+00  6.774347E-01 -1.201553E-14
       329  5.180923E+00  7.906294E-01 -2.448221E-14
       330  5.444121E+00  8.961758E-01  3.556017E-14

 total force (fx,fy,fz) for set LOADED_EDGE and time  0.3956250E+00

        1.101145E+02  6.552649E-02  1.420084E-13

                                INCREMENT    20


 forces (fx,fy,fz) for set LOADED_EDGE and time  0.4206250E+00

         8  3.351253E+00 -1.220103E+00 -3.537605E-14
        10  3.361783E+00  1.230324E+00 -3.384839E-14
       309  5.456577E+00 -9.134217E-01 -3.867222E-14
       310  5.114466E+00 -7.693018E-01 -8.129373E-14
       311  4.809020E+00 -6.807103E-01 -6.337679E-15
       312  4.679237E+00 -5.784368E-01  8.082959E-14
       313  4.582819E+00 -4.714093E-01 -3.985416E-14
       314  4.548793E+00 -4.056366E-01  9.434229E-15
       315  4.518541E+00 -2.927891E-01 -4.780609E-14
       316  4.501519E+00 -2.359580E-01  1.377025E-14
       317  4.489786E+00 -1.723008E-01  4.877765E-15
       318  4.488173E+00 -8.654764E-02 -2.310858E-14
       319  4.480418E+00 -2.906552E-02  4.556306E-14
       320  4.483061E+00  3.560825E-02 -2.421403E-14
       321  4.487916E+00  1.020883E-01  3.988374E-14
       322  4.497988E+00  1.701741E-01 -1.270979E-13
       323  4.514418E+00  2.413685E-01 -1.439956E-15
       324  4.536358E+00  3.175023E-01  9.410268E-15
       325  4.569396E+00  4.004631E-01  8.710128E-14
       326  4.617947E+00  4.898004E-01  3.005948E-14
       327  4.699860E+00  5.904925E-01 -1.416328E-14
       328  4.863431E+00  6.792119E-01  7.571159E-14
       329  5.205074E+00  7.883509E-01 -9.554757E-14
       330  5.447113E+00  8.957793E-01  1.148906E-14

 total force (fx,fy,fz) for set LOADED_EDGE and time  0.4206250E+00

        1.103050E+02  8.548261E-02 -1.606294E-13

                                INCREMENT    21


 forces (fx,fy,fz) for set LOADED_EDGE and time  0.4456250E+00

         8  3.348132E+00 -1.219200E+00  2.032313E-14
        10  3.363334E+00  1.233637E+00 -3.092298E-14
       309  5.453291E+00 -9.127725E-01 -3.425959E-14
       310  5.112553E+00 -7.687968E-01  3.758526E-14
       311  4.808168E+00 -6.801486E-01 -1.415884E-14
       312  4.679317E+00 -5.777949E-01 -7.435011E-14
       313  4.583735E+00 -4.707237E-01 -8.116631E-15
       314  4.550448E+00 -4.049011E-01  9.433581E-15
       315  4.520934E+00 -2.919264E-01  1.351971E-14
       316  4.504590E+00 -2.350126E-01  7.456983E-14
       317  4.493524E+00 -1.713057E-01  1.216521E-14
       318  4.492596E+00 -8.543405E-02 -2.977907E-14
       319  4.485485E+00 -2.786452E-02 -6.640797E-14
       320  4.488801E+00  3.690916E-02  8.065082E-15
       321  4.494344E+00  1.034946E-01  8.812934E-14
       322  4.505139E+00  1.717004E-01 -6.114005E-15
       323  4.522346E+00  2.430276E-01 -6.515725E-14
       324  4.545147E+00  3.193015E-01 -1.490002E-14
       325  4.579202E+00  4.024197E-01 -2.539758E-14
       326  4.629056E+00  4.918473E-01  3.792058E-14
       327  4.712866E+00  5.927068E-01 -3.853827E-14
       328  4.880558E+00  6.808872E-01 -2.046323E-14
       329  5.227527E+00  7.861873E-01 -7.040024E-14
       330  5.449936E+00  8.953856E-01  3.981889E-14

 total force (fx,fy,fz) for set LOADED_EDGE and time  0.4456250E+00

        1.104310E+02  1.116229E-01 -1.574352E-13

                                INCREMENT    22


 forces (fx,fy,fz) for set LOADED_EDGE and time  0.4706250E+00

         8  3.339908E+00 -1.216628E+00 -3.000282E-14
        10  3.364748E+00  1.236563E+00 -2.734634E-14
       309  5.443340E+00 -9.108262E-01  5.660515E-14
       310  5.104834E+00 -7.673348E-01 -7.789611E-14
       311  4.801963E+00 -6.787418E-01 -1.052308E-13
       312  4.674362E+00 -5.764234E-01  5.151513E-15
       313  4.579910E+00 -4.694206E-01  1.630139E-14
       314  4.547578E+00 -4.036120E-01 -2.451876E-14
       315  4.519020E+00 -2.906090E-01 -1.125027E-13
       316  4.503545E+00 -2.336582E-01 -1.999242E-14
       317  4.493330E+00 -1.699634E-01 -9.258352E-14
       318  4.493267E+00 -8.404483E-02  1.070461E-14
       319  4.486976E+00 -2.643492E-02 -4.221802E-14
       320  4.491134E+00  3.838566E-02 -4.530525E-17
       321  4.497534E+00  1.050215E-01  6.428455E-14
       322  4.509218E+00  1.732936E-01 -2.254828E-14
       323  4.527366E+00  2.446993E-01 -1.131772E-13
       324  4.551190E+00  3.210561E-01  4.177879E-14
       325  4.586416E+00  4.042739E-01 -1.362010E-15
       326  4.637714E+00  4.937408E-01  6.210397E-14
       327  4.723515E+00  5.947101E-01 -2.219362E-14
       328  4.895211E+00  6.823716E-01  7.577346E-14
       329  5.247341E+00  7.841928E-01 -1.101821E-13
       330  5.452492E+00  8.949835E-01  9.775490E-15

 total force (fx,fy,fz) for set LOADED_EDGE and time  0.4706250E+00

        1.104719E+02  1.455951E-01 -4.593210E-13

                                INCREMENT    23


 forces (fx,fy,fz) for set LOADED_EDGE and time  0.4768750E+00

         8  3.337038E+00 -1.215714E+00 -6.469827E-15
        10  3.365019E+00  1.237093E+00 -5.241494E-14
       309  5.439744E+00 -9.101301E-01 -3.826085E-14
       310  5.101892E+00 -7.668199E-01 -3.690993E-14
       311  4.799437E+00 -6.782659E-01 -9.443404E-15
       312  4.672169E+00 -5.759821E-01  5.247751E-14
       313  4.578021E+00 -4.690182E-01  1.659072E-14
       314  4.545940E+00 -4.032262E-01 -2.627359E-14
       315  4.517634E+00 -2.902354E-01  9.501737E-15
       316  4.502386E+00 -2.332839E-01 -3.688621E-14
       317  4.492392E+00 -1.696019E-01 -1.463327E-14
       318  4.492550E+00 -8.368346E-02 -7.528898E-15
       319  4.486468E+00 -2.607141E-02 -7.908722E-15
       320  4.490838E+00  3.875139E-02  1.047316E-13
       321  4.497451E+00  1.053892E-01  9.636780E-14
       322  4.509354E+00  1.736659E-01 -3.873459E-14
       323  4.527731E+00  2.450776E-01 -4.883492E-14
       324  4.551801E+00  3.214396E-01  2.546563E-14
       325  4.587303E+00  4.046646E-01  1.274486E-13
       326  4.638930E+00  4.941270E-01  6.209752E-14
       327  4.725166E+00  5.951037E-01 -4.644338E-14
       328  4.897671E+00  6.826589E-01  7.544579E-14
       329  5.250848E+00  7.838293E-01 -4.309764E-14
       330  5.452962E+00  8.949047E-01 -1.732608E-14

 total force (fx,fy,fz) for set LOADED_EDGE and time  0.4768750E+00

        1.104607E+02  1.546727E-01  1.389607E-13

                                INCREMENT    24


 forces (fx,fy,fz) for set LOADED_EDGE and time  0.4831250E+00

         8  3.334382E+00 -1.214858E+00 -3.107856E-14
        10  3.365137E+00  1.237284E+00 -5.122463E-14
       309  5.436357E+00 -9.094707E-01 -4.845135E-14
       310  5.099043E+00 -7.663314E-01 -7.134925E-14
       311  4.796910E+00 -6.778220E-01 -5.333537E-14
       312  4.669891E+00 -5.755808E-01 -1.405387E-14
       313  4.575969E+00 -4.686596E-01 -8.317413E-15
       314  4.544069E+00 -4.028884E-01 -2.749314E-15
       315  4.515944E+00 -2.899203E-01  2.687312E-14
       316  4.500857E+00 -2.329748E-01 -3.406970E-14
       317  4.491017E+00 -1.693088E-01 -1.216948E-13
       318  4.491327E+00 -8.339951E-02 -1.227787E-13
       319  4.485387E+00 -2.579207E-02  7.903503E-14
       320  4.489897E+00  3.902500E-02  7.245024E-14
       321  4.496650E+00  1.056560E-01  1.541092E-14
       322  4.508693E+00  1.739265E-01  2.555678E-14
       323  4.527214E+00  2.453312E-01 -2.456656E-14
       324  4.551436E+00  3.216838E-01 -6.626224E-15
       325  4.587103E+00  4.048986E-01  2.269929E-14
       326  4.638921E+00  4.943444E-01  6.216692E-14
       327  4.725392E+00  5.953068E-01 -2.222181E-14
       328  4.898274E+00  6.828076E-01  7.523207E-14
       329  5.251954E+00  7.837200E-01 -8.368028E-14
       330  5.453133E+00  8.948831E-01  5.062998E-14

 total force (fx,fy,fz) for set LOADED_EDGE and time  0.4831250E+00

        1.104350E+02  1.618605E-01 -2.661435E-13

                                INCREMENT    25


 forces (fx,fy,fz) for set LOADED_EDGE and time  0.4893750E+00

         8  3.331978E+00 -1.214072E+00 -1.824062E-14
        10  3.364654E+00  1.237105E+00 -5.444239E-14
       309  5.433240E+00 -9.088545E-01  1.367026E-15
       310  5.096341E+00 -7.658710E-01 -3.574234E-15
       311  4.794430E+00 -6.774096E-01 -5.498909E-14
       312  4.667569E+00 -5.752173E-01  7.166580E-14
       313  4.573791E+00 -4.683417E-01 -3.161687E-14
       314  4.541999E+00 -4.025951E-01 -1.229340E-14
       315  4.513979E+00 -2.896609E-01  1.806503E-14
       316  4.498982E+00 -2.327288E-01 -1.716558E-14
       317  4.489228E+00 -1.690829E-01 -4.154343E-14
       318  4.489617E+00 -8.319359E-02 -2.548065E-14
       319  4.483751E+00 -2.559883E-02  9.113490E-15
       320  4.488331E+00  3.920326E-02  8.009810E-15
       321  4.495151E+00  1.058177E-01  6.361248E-14
       322  4.507259E+00  1.740705E-01  1.841782E-15
       323  4.525844E+00  2.454553E-01 -5.679032E-14
       324  4.550132E+00  3.217844E-01  7.416209E-14
       325  4.585867E+00  4.049723E-01  6.291171E-14
       326  4.637759E+00  4.943870E-01  3.799153E-14
       327  4.724311E+00  5.953140E-01 -2.213400E-14
       328  4.897283E+00  6.827752E-01  1.860407E-14
       329  5.251062E+00  7.836399E-01 -8.571278E-14
       330  5.452319E+00  8.947604E-01  1.299912E-14

 total force (fx,fy,fz) for set LOADED_EDGE and time  0.4893750E+00

        1.103949E+02  1.666587E-01 -4.363943E-14

                                INCREMENT    26


 forces (fx,fy,fz) for set LOADED_EDGE and time  0.4987500E+00

         8  3.327906E+00 -1.212719E+00 -3.535657E-14
        10  3.361439E+00  1.236025E+00 -8.963360E-14
       309  5.427887E+00 -9.077624E-01 -4.466868E-14
       310  5.091567E+00 -7.650365E-01 -3.577106E-14
       311  4.789907E+00 -6.766659E-01 -6.741084E-14
       312  4.663186E+00 -5.745719E-01 -5.626090E-14
       313  4.569531E+00 -4.677844E-01 -3.178243E-14
       314  4.537805E+00 -4.020901E-01 -2.485165E-16
       315  4.509846E+00 -2.892404E-01  2.570908E-14
       316  4.494893E+00 -2.323489E-01 -2.251783E-14
       317  4.485172E+00 -1.687501E-01 -4.183609E-15
       318  4.485584E+00 -8.292272E-02 -4.707760E-14
       319  4.479739E+00 -2.537003E-02  3.786840E-14
       320  4.484328E+00  3.938345E-02  4.020326E-14
       321  4.491153E+00  1.059459E-01  8.009802E-14
       322  4.503261E+00  1.741433E-01 -7.077173E-14
       323  4.521841E+00  2.454673E-01 -3.326837E-14
       324  4.546122E+00  3.217284E-01 -7.102522E-14
       325  4.581846E+00  4.048389E-01 -9.630533E-15
       326  4.633725E+00  4.941655E-01  5.408443E-14
       327  4.720255E+00  5.949912E-01  4.999487E-14
       328  4.893187E+00  6.823370E-01  9.967530E-14
       329  5.246882E+00  7.830544E-01 -1.346396E-14
       330  5.447846E+00  8.939640E-01  2.800757E-14

 total force (fx,fy,fz) for set LOADED_EDGE and time  0.4987500E+00

        1.102949E+02  1.707811E-01 -2.174305E-13

                                INCREMENT    27


 forces (fx,fy,fz) for set LOADED_EDGE and time  0.5128125E+00

         8  3.320318E+00 -1.210144E+00  2.143094E-14
        10  3.349341E+00  1.232031E+00 -4.933987E-14
       309  5.417767E+00 -9.055935E-01  4.078325E-14
       310  5.082220E+00 -7.633230E-01 -5.572898E-14
       311  4.780707E+00 -6.751383E-01  2.675087E-14
       312  4.653924E+00 -5.732623E-01 -2.094763E-14
       313  4.560183E+00 -4.666643E-01 -8.920978E-14
       314  4.528285E+00 -4.010917E-01 -4.819738E-15
       315  4.500133E+00 -2.884692E-01  3.513505E-14
       316  4.484973E+00 -2.317001E-01 -1.913629E-14
       317  4.475029E+00 -1.682248E-01 -7.238829E-14
       318  4.475186E+00 -8.258855E-02 -4.208257E-15
       319  4.469109E+00 -2.517090E-02 -3.592884E-14
       320  4.473437E+00  3.942809E-02  8.130877E-15
       321  4.479994E+00  1.058280E-01 -8.973465E-15
       322  4.491820E+00  1.738521E-01 -7.128630E-14
       323  4.510100E+00  2.449896E-01 -4.002084E-14
       324  4.534065E+00  3.210484E-01  1.302815E-13
       325  4.569445E+00  4.039310E-01  6.940391E-15
       326  4.620946E+00  4.930022E-01  6.213107E-14
       327  4.707036E+00  5.935331E-01 -3.868161E-14
       328  4.879406E+00  6.805406E-01  5.216290E-14
       329  5.232294E+00  7.808147E-01 -1.108497E-13
       330  5.431631E+00  8.909786E-01 -2.010566E-14

 total force (fx,fy,fz) for set LOADED_EDGE and time  0.5128125E+00

        1.100274E+02  1.686060E-01 -2.578784E-13

                                INCREMENT    28


 forces (fx,fy,fz) for set LOADED_EDGE and time  0.5339063E+00

         8  3.307049E+00 -1.205373E+00 -3.115233E-14
        10  3.299307E+00  1.215680E+00 -9.194522E-14
       309  5.399465E+00 -9.011159E-01 -2.564756E-14
       310  5.063825E+00 -7.594968E-01 -7.676530E-14
       311  4.761059E+00 -6.716996E-01 -1.336936E-13
       312  4.632615E+00 -5.703518E-01 -5.732243E-14
       313  4.537220E+00 -4.641812E-01 -7.200853E-14
       314  4.503595E+00 -3.989227E-01  2.516199E-14
       315  4.473631E+00 -2.869920E-01  1.281791E-13
       316  4.456714E+00 -2.306363E-01  6.613080E-14
       317  4.444992E+00 -1.675175E-01 -2.396082E-15
       318  4.443266E+00 -8.253432E-02 -4.580929E-14
       319  4.435452E+00 -2.559226E-02 -5.155252E-14
       320  4.437949E+00  3.846351E-02 -8.858928E-14
       321  4.442663E+00  1.042939E-01 -3.296287E-14
       322  4.452596E+00  1.717026E-01 -8.669519E-14
       323  4.468913E+00  2.421760E-01 -5.752100E-14
       324  4.490841E+00  3.175226E-01 -3.866121E-14
       325  4.524042E+00  3.995976E-01  6.269528E-14
       326  4.573179E+00  4.877631E-01 -1.029323E-14
       327  4.656588E+00  5.872374E-01 -4.637445E-14
       328  4.825695E+00  6.730172E-01  6.718003E-14
       329  5.174176E+00  7.716446E-01 -1.472634E-14
       330  5.365681E+00  8.787734E-01 -4.496525E-14

 total force (fx,fy,fz) for set LOADED_EDGE and time  0.5339063E+00

        1.091705E+02  1.234588E-01 -6.597346E-13

                                INCREMENT    29


 forces (fx,fy,fz) for set LOADED_EDGE and time  0.5550000E+00

         8  3.283567E+00 -1.197010E+00 -8.569939E-14
        10  3.219943E+00  1.189709E+00 -4.245281E-14
       309  5.367009E+00 -8.934722E-01  3.896660E-14
       310  5.031534E+00 -7.531114E-01 -5.350584E-14
       311  4.726946E+00 -6.660310E-01 -4.221404E-14
       312  4.596005E+00 -5.656193E-01 -1.937427E-15
       313  4.498147E+00 -4.602164E-01  1.287659E-13
       314  4.461916E+00 -3.955104E-01 -2.738485E-14
       315  4.429230E+00 -2.847510E-01  7.837144E-15
       316  4.409679E+00 -2.290814E-01 -8.334469E-14
       317  4.395293E+00 -1.665692E-01  5.260981E-16
       318  4.390748E+00 -8.265790E-02 -3.215049E-14
       319  4.380343E+00 -2.648749E-02 -8.691025E-15
       320  4.380104E+00  3.668990E-02 -1.601915E-14
       321  4.382065E+00  1.016038E-01 -3.253499E-14
       322  4.389169E+00  1.680276E-01 -4.733224E-14
       323  4.402549E+00  2.374426E-01 -1.660394E-14
       324  4.421422E+00  3.116561E-01 -3.890226E-14
       325  4.451346E+00  3.924499E-01 -1.750324E-14
       326  4.496915E+00  4.791821E-01 -2.637154E-14
       327  4.576253E+00  5.769892E-01 -1.109112E-13
       328  4.740356E+00  6.608392E-01  1.166876E-14
       329  5.081998E+00  7.568888E-01 -7.326327E-14
       330  5.261188E+00  8.592593E-01  8.968148E-16

 total force (fx,fy,fz) for set LOADED_EDGE and time  0.5550000E+00

        1.077737E+02  5.022037E-02 -5.681611E-13

                                INCREMENT    30


 forces (fx,fy,fz) for set LOADED_EDGE and time  0.5760938E+00

         8  3.254638E+00 -1.186687E+00 -1.503246E-14
        10  3.120355E+00  1.157122E+00 -1.043082E-13
       309  5.326829E+00 -8.840476E-01  3.180517E-14
       310  4.991387E+00 -7.452629E-01  1.424988E-14
       311  4.684409E+00 -6.590996E-01 -6.577218E-14
       312  4.550263E+00 -5.598780E-01  2.432877E-14
       313  4.449267E+00 -4.554480E-01  1.641909E-14
       314  4.409737E+00 -3.914430E-01  3.694774E-14
       315  4.373618E+00 -2.821596E-01 -3.802661E-15
       316  4.350752E+00 -2.273511E-01 -9.563856E-15
       317  4.333022E+00 -1.655988E-01  6.497132E-14
       318  4.324940E+00 -8.302453E-02 -3.851401E-14
       319  4.311289E+00 -2.781317E-02 -2.692557E-14
       320  4.307623E+00  3.427351E-02 -2.427215E-14
       321  4.306134E+00  9.805070E-02  4.747400E-14
       322  4.309695E+00  1.632528E-01 -4.689110E-14
       323  4.319397E+00  2.313538E-01 -6.447132E-14
       324  4.334443E+00  3.041591E-01  1.357246E-15
       325  4.360261E+00  3.833589E-01  2.279223E-14
       326  4.401359E+00  4.683058E-01  5.830846E-15
       327  4.475591E+00  5.640347E-01 -1.028534E-13
       328  4.633415E+00  6.454789E-01  1.149628E-13
       329  4.966462E+00  7.383147E-01 -8.885826E-14
       330  5.130171E+00  8.347351E-01  2.423722E-14

 total force (fx,fy,fz) for set LOADED_EDGE and time  0.5760938E+00

        1.060251E+02 -4.537250E-02 -1.858889E-13

                                INCREMENT    31


 forces (fx,fy,fz) for set LOADED_EDGE and time  0.5971875E+00

         8  3.224324E+00 -1.175769E+00 -3.651825E-14
        10  3.005445E+00  1.119553E+00 -6.454562E-14
       309  5.284371E+00 -8.739534E-01 -4.522690E-14
       310  4.948373E+00 -7.367983E-01 -9.060702E-15
       311  4.638298E+00 -6.516437E-01 -5.331991E-14
       312  4.500207E+00 -5.537451E-01 -5.422245E-14
       313  4.395371E+00 -4.503851E-01  7.241609E-14
       314  4.351869E+00 -3.871616E-01  2.120916E-14
       315  4.311626E+00 -2.795391E-01 -8.587760E-15
       316  4.284795E+00 -2.257045E-01  2.137586E-14
       317  4.263073E+00 -1.647987E-01  1.430979E-14
       318  4.250784E+00 -8.373164E-02 -4.692418E-14
       319  4.233265E+00 -2.960187E-02 -4.262003E-14
       320  4.225524E+00  3.125498E-02 -3.225901E-14
       321  4.219937E+00  9.375088E-02 -3.274016E-14
       322  4.219289E+00  1.575724E-01 -5.542975E-14
       323  4.224627E+00  2.241857E-01 -2.461548E-14
       324  4.235135E+00  2.953954E-01 -2.268547E-14
       325  4.256089E+00  3.727840E-01  4.684311E-14
       326  4.291895E+00  4.556989E-01  5.952738E-15
       327  4.360095E+00  5.490570E-01 -4.655266E-14
       328  4.510524E+00  6.277516E-01  9.116151E-14
       329  4.833489E+00  7.169064E-01 -1.137289E-13
       330  4.979166E+00  8.064681E-01  5.944874E-14

 total force (fx,fy,fz) for set LOADED_EDGE and time  0.5971875E+00

        1.040476E+02 -1.624535E-01 -3.563202E-13

                                INCREMENT    32


 forces (fx,fy,fz) for set LOADED_EDGE and time  0.6221875E+00

         8  3.190206E+00 -1.163258E+00 -2.369118E-14
        10  2.852321E+00  1.069557E+00 -6.989119E-14
       309  5.235900E+00 -8.620748E-01  5.022133E-14
       310  4.897995E+00 -7.266785E-01  1.654364E-14
       311  4.583135E+00 -6.427459E-01 -1.113194E-13
       312  4.439299E+00 -5.464876E-01 -1.076935E-13
       313  4.328901E+00 -4.444303E-01  1.690032E-14
       314  4.279765E+00 -3.821818E-01  4.858233E-15
       315  4.233687E+00 -2.766741E-01 -7.704421E-14
       316  4.201272E+00 -2.240935E-01 -2.533707E-14
       317  4.173942E+00 -1.642494E-01 -1.103936E-14
       318  4.155765E+00 -8.511801E-02 -7.186203E-14
       319  4.132818E+00 -3.238102E-02 -1.802543E-14
       320  4.119380E+00  2.689179E-02  4.032793E-14
       321  4.108063E+00  8.773697E-02 -4.824263E-14
       322  4.101539E+00  1.497720E-01 -1.601024E-13
       323  4.100791E+00  2.144544E-01 -7.354258E-14
       324  4.104975E+00  2.835904E-01 -2.291156E-14
       325  4.119163E+00  3.586159E-01  7.919593E-14
       326  4.147622E+00  4.388723E-01  1.187858E-13
       327  4.207479E+00  5.291180E-01  1.805657E-15
       328  4.347729E+00  6.041918E-01  5.131200E-14
       329  4.656912E+00  6.884818E-01  2.755124E-14
       330  4.778221E+00  7.689001E-01  8.722781E-14

 total force (fx,fy,fz) for set LOADED_EDGE and time  0.6221875E+00

        1.014969E+02 -3.301904E-01 -3.259727E-13

                                INCREMENT    33


 forces (fx,fy,fz) for set LOADED_EDGE and time  0.6471875E+00

         8  3.160972E+00 -1.152199E+00 -7.587443E-15
        10  2.685096E+00  1.015044E+00 -9.753464E-14
       309  5.193374E+00 -8.511019E-01  2.000475E-14
       310  4.851923E+00 -7.170884E-01 -2.243425E-14
       311  4.531008E+00 -6.343251E-01  2.683199E-14
       312  4.380285E+00 -5.396936E-01  1.108906E-13
       313  4.263247E+00 -4.388952E-01  4.016310E-14
       314  4.207521E+00 -3.776218E-01 -3.068293E-14
       315  4.154633E+00 -2.742931E-01 -2.766321E-14
       316  4.115730E+00 -2.230248E-01 -7.207474E-14
       317  4.081898E+00 -1.642536E-01 -6.646703E-14
       318  4.056922E+00 -8.714318E-02 -8.800744E-15
       319  4.027690E+00 -3.586646E-02  1.713994E-14
       320  4.007679E+00  2.174469E-02  4.832079E-14
       321  3.989752E+00  8.085726E-02  4.819465E-14
       322  3.976458E+00  1.410067E-01 -3.129153E-14
       323  3.968709E+00  2.036432E-01 -7.242773E-14
       324  3.965625E+00  2.705791E-01 -1.538690E-14
       325  3.972052E+00  3.430853E-01  5.543443E-14
       326  3.992102E+00  4.204985E-01 -1.008467E-14
       327  4.042443E+00  5.074019E-01 -4.653419E-14
       328  4.171158E+00  5.785726E-01  1.022483E-14
       329  4.464840E+00  6.575954E-01 -1.655588E-13
       330  4.559103E+00  7.280167E-01  5.574800E-14

 total force (fx,fy,fz) for set LOADED_EDGE and time  0.6471875E+00

        9.882022E+01 -5.274609E-01 -2.415757E-13

                                INCREMENT    34


 forces (fx,fy,fz) for set LOADED_EDGE and time  0.6721875E+00

         8  3.137257E+00 -1.142822E+00  5.560968E-14
        10  2.506418E+00  9.568836E-01 -8.746241E-14
       309  5.157776E+00 -8.412214E-01 -3.422152E-14
       310  4.811193E+00 -7.081592E-01 -6.238414E-14
       311  4.483045E+00 -6.264739E-01 -2.823865E-14
       312  4.324393E+00 -5.334117E-01 -3.107816E-14
       313  4.199722E+00 -4.337926E-01 -4.025710E-14
       314  4.136537E+00 -3.734696E-01 -3.819948E-15
       315  4.075946E+00 -2.723367E-01  7.373168E-14
       316  4.029729E+00 -2.224130E-01 -1.633593E-14
       317  3.988577E+00 -1.647023E-01 -6.470431E-14
       318  3.955971E+00 -8.966112E-02 -1.110798E-13
       319  3.919668E+00 -3.988737E-02 -2.779575E-14
       320  3.892281E+00  1.601178E-02 -4.829931E-14
       321  3.866941E+00  7.333687E-02 -1.663364E-14
       322  3.846063E+00  1.315296E-01 -7.121011E-14
       323  3.830481E+00  1.920343E-01 -1.210563E-13
       324  3.819273E+00  2.566738E-01  9.227208E-15
       325  3.817043E+00  3.265381E-01  7.129451E-14
       326  3.827734E+00  4.009606E-01  2.235085E-14
       327  3.867526E+00  4.843348E-01  2.601229E-14
       328  3.983517E+00  5.513699E-01  1.542804E-13
       329  4.260228E+00  6.247902E-01 -1.101032E-13
       330  4.325210E+00  6.845031E-01  7.562021E-14

 total force (fx,fy,fz) for set LOADED_EDGE and time  0.6721875E+00

        9.606253E+01 -7.493843E-01 -3.865534E-13

                                INCREMENT    35


 forces (fx,fy,fz) for set LOADED_EDGE and time  0.6971875E+00

         8  3.119926E+00 -1.135430E+00 -1.591609E-16
        10  2.318562E+00  8.958250E-01 -7.043288E-14
       309  5.130289E+00 -8.327004E-01 -9.028955E-14
       310  4.776953E+00 -7.001083E-01  1.097720E-13
       311  4.440431E+00 -6.193847E-01  1.557609E-15
       312  4.272865E+00 -5.278028E-01  7.281778E-15
       313  4.139626E+00 -4.292571E-01 -4.045579E-14
       314  4.068176E+00 -3.698412E-01 -5.733726E-14
       315  3.999059E+00 -2.708838E-01  1.185052E-14
       316  3.944769E+00 -2.223162E-01 -3.295207E-14
       317  3.895547E+00 -1.656341E-01 -3.383740E-14
       318  3.854551E+00 -9.267777E-02 -6.249456E-14
       319  3.810455E+00 -4.442646E-02 -1.058329E-13
       320  3.774963E+00  9.736805E-03 -1.607150E-14
       321  3.741475E+00  6.524716E-02 -3.037123E-16
       322  3.712271E+00  1.214414E-01 -2.287128E-14
       323  3.688100E+00  1.797599E-01 -7.309758E-14
       324  3.667992E+00  2.420409E-01 -6.349735E-14
       325  3.656294E+00  3.091790E-01 -1.727456E-14
       326  3.656768E+00  3.805060E-01  1.110740E-13
       327  3.685078E+00  4.602140E-01 -3.891970E-14
       328  3.787293E+00  5.229379E-01 -2.092365E-14
       329  4.045746E+00  5.904957E-01 -8.546847E-14
       330  4.079551E+00  6.389254E-01 -2.558280E-14

 total force (fx,fy,fz) for set LOADED_EDGE and time  0.6971875E+00

        9.326674E+01 -9.941534E-01 -6.162662E-13

                                INCREMENT    36


 forces (fx,fy,fz) for set LOADED_EDGE and time  0.7221875E+00

         8  3.108855E+00 -1.130015E+00  2.462949E-14
        10  2.125181E+00  8.330526E-01 -6.788891E-14
       309  5.110838E+00 -8.255936E-01  7.606955E-14
       310  4.749339E+00 -6.930152E-01  5.534267E-14
       311  4.403511E+00 -6.131295E-01 -1.113348E-13
       312  4.226255E+00 -5.229215E-01 -1.696649E-14
       313  4.083715E+00 -4.253332E-01  4.806947E-14
       314  4.003383E+00 -3.667696E-01 -9.870988E-15
       315  3.925110E+00 -2.699341E-01  6.853841E-14
       316  3.862169E+00 -2.227112E-01 -8.052939E-14
       317  3.804309E+00 -1.670115E-01 -2.615210E-14
       318  3.754349E+00 -9.612095E-02 -2.326074E-14
       319  3.701916E+00 -4.938557E-02 -1.465518E-15
       320  3.657767E+00  3.047729E-03 -6.443263E-14
       321  3.615580E+00  5.674751E-02 -1.672487E-14
       322  3.577494E+00  1.109370E-01 -1.555479E-14
       323  3.544168E+00  1.670548E-01 -9.604506E-14
       324  3.514579E+00  2.269579E-01  1.689960E-14
       325  3.492809E+00  2.913362E-01  1.539947E-14
       326  3.482430E+00  3.595213E-01  7.080004E-14
       327  3.498576E+00  4.354957E-01 -7.106190E-14
       328  3.586252E+00  4.938159E-01  4.167440E-14
       329  3.825537E+00  5.553654E-01 -1.087845E-13
       330  3.826896E+00  5.921597E-01  9.641250E-14

 total force (fx,fy,fz) for set LOADED_EDGE and time  0.7221875E+00

        9.048102E+01 -1.256449E+00 -1.962371E-13

                                INCREMENT    37


 forces (fx,fy,fz) for set LOADED_EDGE and time  0.7471875E+00

         8  3.103168E+00 -1.126310E+00  7.378153E-14
        10  1.927894E+00  7.690831E-01 -5.706587E-14
       309  5.098309E+00 -8.197250E-01 -6.100686E-14
       310  4.727472E+00 -6.867739E-01  2.315063E-14
       311  4.371577E+00 -6.076195E-01 -6.907262E-14
       312  4.184007E+00 -5.186912E-01 -2.303504E-14
       313  4.031579E+00 -4.219597E-01 -1.583690E-14
       314  3.941875E+00 -3.641997E-01 -4.146877E-14
       315  3.853947E+00 -2.694336E-01 -6.568426E-14
       316  3.781901E+00 -2.235413E-01  2.504236E-14
       317  3.714955E+00 -1.687818E-01 -1.884828E-14
       318  3.655584E+00 -9.993333E-02 -1.368187E-13
       319  3.594386E+00 -5.470251E-02 -1.763560E-14
       320  3.541150E+00 -3.987300E-03  1.613031E-14
       321  3.489835E+00  4.791286E-02  4.005369E-14
       322  3.442432E+00  1.001009E-01  7.415491E-16
       323  3.399512E+00  1.540149E-01 -1.647812E-14
       324  3.359992E+00  2.115345E-01  1.693190E-14
       325  3.327681E+00  2.731368E-01  7.979575E-14
       326  3.305957E+00  3.381548E-01  9.512516E-14
       327  3.309411E+00  4.103557E-01 -7.094980E-14
       328  3.381960E+00  4.642142E-01 -2.146940E-14
       329  3.601383E+00  5.196601E-01 -1.157155E-13
       330  3.569349E+00  5.445715E-01 -3.511330E-14

 total force (fx,fy,fz) for set LOADED_EDGE and time  0.7471875E+00

        8.771531E+01 -1.532920E+00 -3.954461E-13

                                INCREMENT    38


 forces (fx,fy,fz) for set LOADED_EDGE and time  0.7721875E+00

         8  3.103599E+00 -1.124570E+00  3.523726E-14
        10  1.728641E+00  7.045540E-01 -1.027275E-13
       309  5.093751E+00 -8.153056E-01 -7.704647E-14
       310  4.712388E+00 -6.815414E-01 -6.679779E-14
       311  4.345702E+00 -6.029818E-01 -6.282149E-14
       312  4.147246E+00 -5.152044E-01  3.035372E-14
       313  3.984387E+00 -4.191999E-01  7.953510E-14
       314  3.884873E+00 -3.621748E-01 -1.624744E-13
       315  3.786841E+00 -2.693885E-01 -4.900543E-14
       316  3.705281E+00 -2.247924E-01  1.095468E-14
       317  3.628850E+00 -1.709112E-01 -1.847027E-13
       318  3.559670E+00 -1.040510E-01 -2.377194E-13
       319  3.489324E+00 -6.029293E-02 -1.037893E-13
       320  3.426620E+00 -1.126120E-02 -1.128478E-13
       321  3.365794E+00  3.887321E-02 -6.446133E-14
       322  3.308692E+00  8.908667E-02 -9.559494E-14
       323  3.255790E+00  1.408184E-01 -1.461530E-13
       324  3.205944E+00  1.959743E-01 -6.386831E-14
       325  3.162688E+00  2.548129E-01  7.979464E-14
       326  3.129198E+00  3.166698E-01 -1.382981E-15
       327  3.119518E+00  3.850929E-01 -9.556782E-14
       328  3.176466E+00  4.344725E-01  4.802817E-14
       329  3.375495E+00  4.837730E-01 -1.832911E-13
       330  3.309424E+00  4.966603E-01 -7.871891E-14

 total force (fx,fy,fz) for set LOADED_EDGE and time  0.7721875E+00

        8.500618E+01 -1.820887E+00 -1.605067E-12

                                INCREMENT    39


 forces (fx,fy,fz) for set LOADED_EDGE and time  0.7971875E+00

         8  3.108986E+00 -1.124447E+00 -4.403087E-14
        10  1.529852E+00  6.402377E-01 -1.260826E-13
       309  5.095442E+00 -8.121994E-01  2.900949E-14
       310  4.702609E+00 -6.773417E-01 -1.091627E-13
       311  4.324619E+00 -5.993098E-01  6.939753E-14
       312  4.114921E+00 -5.126106E-01  1.152524E-16
       313  3.941325E+00 -4.172580E-01 -1.632583E-14
       314  3.831778E+00 -3.609287E-01 -5.067224E-14
       315  3.723430E+00 -2.700608E-01 -8.989822E-14
       316  3.632179E+00 -2.267321E-01 -7.519804E-14
       317  3.546097E+00 -1.736861E-01 -4.991952E-14
       318  3.466952E+00 -1.087620E-01 -9.443085E-14
       319  3.387309E+00 -6.643864E-02  4.306346E-14
       320  3.314993E+00 -1.904544E-02 -3.235149E-14
       321  3.244512E+00  2.937286E-02  1.561863E-14
       322  3.177565E+00  7.766283E-02  6.550684E-14
       323  3.114534E+00  1.272664E-01 -1.288985E-13
       324  3.054205E+00  1.801178E-01  1.634386E-14
       325  2.999837E+00  2.362554E-01  4.816104E-14
       326  2.954398E+00  2.950186E-01  4.675102E-14
       327  2.931383E+00  3.597357E-01  1.202084E-15
       328  2.972506E+00  4.047127E-01  4.988293E-14
       329  3.150881E+00  4.479558E-01 -1.964512E-14
       330  3.050521E+00  4.488825E-01  3.280994E-14

 total force (fx,fy,fz) for set LOADED_EDGE and time  0.7971875E+00

        8.237083E+01 -2.121602E+00 -4.187539E-13

                                INCREMENT    40


 forces (fx,fy,fz) for set LOADED_EDGE and time  0.8221875E+00

         8  3.120169E+00 -1.126191E+00 -3.306295E-15
        10  1.330371E+00  5.757740E-01 -1.109690E-13
       309  5.104959E+00 -8.104038E-01  1.051181E-13
       310  4.699670E+00 -6.739752E-01 -1.134743E-13
       311  4.309786E+00 -5.962911E-01 -1.413563E-13
       312  4.088370E+00 -5.105010E-01 -5.944433E-15
       313  3.903558E+00 -4.156380E-01  1.441991E-13
       314  3.783585E+00 -3.599127E-01 -5.291542E-14
       315  3.664510E+00 -2.708376E-01  3.284484E-14
       316  3.563185E+00 -2.287247E-01 -2.229159E-14
       317  3.467071E+00 -1.764356E-01 -6.957471E-15
       318  3.377580E+00 -1.133741E-01 -1.262270E-13
       319  3.288267E+00 -7.244409E-02 -6.890882E-14
       320  3.205970E+00 -2.664654E-02 -1.189048E-16
       321  3.125465E+00  2.009414E-02 -3.267453E-14
       322  3.048308E+00  6.648903E-02 -1.450644E-13
       323  2.974783E+00  1.139843E-01  1.629597E-14
       324  2.903609E+00  1.645464E-01 -4.784167E-14
       325  2.837765E+00  2.179878E-01  7.969189E-14
       326  2.780017E+00  2.736535E-01 -1.180814E-15
       327  2.743308E+00  3.346490E-01  1.697025E-14
       328  2.768252E+00  3.751922E-01  1.945898E-13
       329  2.925629E+00  4.123205E-01 -1.971278E-13
       330  2.790648E+00  4.011752E-01 -3.643471E-14

 total force (fx,fy,fz) for set LOADED_EDGE and time  0.8221875E+00

        7.980484E+01 -2.425509E+00 -5.230836E-13

                                INCREMENT    41


 forces (fx,fy,fz) for set LOADED_EDGE and time  0.8471875E+00

         8  3.136082E+00 -1.129487E+00 -9.756072E-14
        10  1.133042E+00  5.120719E-01 -7.853484E-14
       309  5.120811E+00 -8.097836E-01 -2.945280E-15
       310  4.702365E+00 -6.714375E-01 -1.691099E-13
       311  4.300235E+00 -5.939692E-01 -6.608859E-14
       312  4.066859E+00 -5.089544E-01  3.638877E-14
       313  3.870594E+00 -4.144557E-01 -1.630959E-14
       314  3.740026E+00 -3.592608E-01 -1.285324E-13
       315  3.610048E+00 -2.718630E-01 -5.236369E-14
       316  3.498492E+00 -2.309117E-01  2.164353E-14
       317  3.392193E+00 -1.793106E-01 -1.297244E-13
       318  3.292208E+00 -1.180299E-01 -8.045114E-14
       319  3.193079E+00 -7.844040E-02 -7.915902E-14
       320  3.100659E+00 -3.418040E-02  1.619839E-14
       321  3.009991E+00  1.094037E-02  3.255500E-14
       322  2.922486E+00  5.549482E-02 -1.599239E-14
       323  2.838335E+00  1.009347E-01  3.183119E-14
       324  2.756186E+00  1.492610E-01 -1.542896E-14
       325  2.678741E+00  2.000596E-01  1.119772E-13
       326  2.608565E+00  2.526818E-01 -4.941263E-14
       327  2.558058E+00  3.100114E-01  3.318652E-14
       328  2.566744E+00  3.461773E-01  9.950749E-14
       329  2.703103E+00  3.772550E-01 -1.337155E-13
       330  2.533656E+00  3.541353E-01  9.011670E-14

 total force (fx,fy,fz) for set LOADED_EDGE and time  0.8471875E+00

        7.733256E+01 -2.731061E+00 -6.419243E-13

                                INCREMENT    42


 forces (fx,fy,fz) for set LOADED_EDGE and time  0.8721875E+00

         8  3.154510E+00 -1.133637E+00  2.029396E-14
        10  9.396430E-01  4.496807E-01 -2.487575E-14
       309  5.139969E+00 -8.098978E-01 -5.712077E-16
       310  4.708090E+00 -6.694953E-01  1.311979E-14
       311  4.293655E+00 -5.921903E-01 -1.002492E-13
       312  4.048335E+00 -5.078862E-01 -8.665176E-14
       313  3.840649E+00 -4.136948E-01 -1.271922E-13
       314  3.699546E+00 -3.589935E-01  8.776046E-14
       315  3.558735E+00 -2.732009E-01  9.134731E-14
       316  3.437025E+00 -2.333710E-01 -3.242906E-14
       317  3.320623E+00 -1.824175E-01 -1.434973E-13
       318  3.210236E+00 -1.228525E-01 -1.474952E-13
       319  3.101374E+00 -8.455657E-02  1.576755E-13
       320  2.998924E+00 -4.178000E-02 -8.051863E-14
       321  2.898187E+00  1.778244E-03  1.129163E-13
       322  2.800432E+00  4.455352E-02  7.721997E-17
       323  2.705757E+00  8.800386E-02 -3.155003E-14
       324  2.612737E+00  1.341654E-01  1.921943E-16
       325  2.523807E+00  1.824006E-01  9.640602E-14
       326  2.441326E+00  2.320678E-01  7.950751E-14
       327  2.377162E+00  2.858329E-01 -1.464528E-14
       328  2.369769E+00  3.177371E-01  8.044077E-14
       329  2.485365E+00  3.429152E-01 -1.585708E-14
       330  2.281970E+00  3.080709E-01  9.207278E-14

 total force (fx,fy,fz) for set LOADED_EDGE and time  0.8721875E+00

        7.494783E+01 -3.036767E+00  2.627727E-14

                                INCREMENT    43


 forces (fx,fy,fz) for set LOADED_EDGE and time  0.8971875E+00

         8  3.174763E+00 -1.138416E+00  9.097999E-14
        10  7.502703E-01  3.886248E-01 -9.304485E-14
       309  5.161585E+00 -8.105583E-01  3.541980E-14
       310  4.716143E+00 -6.679945E-01 -5.358930E-14
       311  4.289424E+00 -5.908051E-01  9.669940E-17
       312  4.032235E+00 -5.071533E-01  1.116641E-16
       313  3.813204E+00 -4.132194E-01  1.717015E-14
       314  3.661662E+00 -3.589780E-01  8.078110E-14
       315  3.510120E+00 -2.747235E-01 -3.523458E-14
       316  3.378359E+00 -2.359770E-01  1.584970E-13
       317  3.251960E+00 -1.856350E-01 -2.361398E-13
       318  3.131289E+00 -1.277256E-01 -1.090512E-13
       319  3.012800E+00 -9.068008E-02 -1.012162E-13
       320  2.900435E+00 -4.933772E-02 -1.616497E-14
       321  2.789746E+00 -7.290454E-03 -8.082699E-14
       322  2.681862E+00  3.376062E-02  6.474790E-14
       323  2.576790E+00  7.528023E-02 -1.443955E-13
       324  2.473035E+00  1.193401E-01 -9.645913E-14
       325  2.372762E+00  1.650828E-01 -4.900247E-14
       326  2.278134E+00  2.118740E-01  6.354235E-14
       327  2.200495E+00  2.621659E-01 -6.362314E-14
       328  2.177250E+00  2.899139E-01  2.115806E-13
       329  2.272397E+00  3.093319E-01 -3.976727E-14
       330  2.035644E+00  2.630103E-01 -5.478491E-15

 total force (fx,fy,fz) for set LOADED_EDGE and time  0.8971875E+00

        7.264237E+01 -3.340109E+00 -4.010666E-13

                                INCREMENT    44


 forces (fx,fy,fz) for set LOADED_EDGE and time  0.9221875E+00

         8  3.197171E+00 -1.143941E+00 -5.900488E-14
        10  5.657324E-01  3.291676E-01 -1.423881E-13
       309  5.186064E+00 -8.118848E-01 -4.822467E-14
       310  4.726897E+00 -6.670488E-01  6.875977E-14
       311  4.287922E+00 -5.899270E-01 -8.770223E-14
       312  4.018959E+00 -5.068648E-01 -2.804074E-14
       313  3.788686E+00 -4.131351E-01 -1.291339E-13
       314  3.626832E+00 -3.593172E-01 -3.384107E-14
       315  3.464695E+00 -2.765252E-01  5.051089E-14
       316  3.323020E+00 -2.388182E-01  1.230082E-13
       317  3.186766E+00 -1.890470E-01  4.693582E-14
       318  3.055962E+00 -1.327230E-01 -1.427510E-13
       319  2.927989E+00 -9.687661E-02 -1.470597E-13
       320  2.805860E+00 -5.690951E-02 -6.444028E-14
       321  2.685370E+00 -1.631075E-02 -1.457471E-13
       322  2.567515E+00  2.308358E-02 -6.412358E-14
       323  2.452209E+00  6.274551E-02 -9.681856E-14
       324  2.337884E+00  1.047827E-01 -1.124608E-13
       325  2.226448E+00  1.481220E-01 -3.288237E-14
       326  2.119866E+00  1.921373E-01  1.117387E-13
       327  2.028970E+00  2.390719E-01  9.922474E-16
       328  1.990141E+00  2.627969E-01  2.265873E-13
       329  2.065207E+00  2.766312E-01 -5.383272E-14
       330  1.795787E+00  2.191359E-01  1.450969E-13

 total force (fx,fy,fz) for set LOADED_EDGE and time  0.9221875E+00

        7.043195E+01 -3.641654E+00 -6.148221E-13

                                INCREMENT    45


 forces (fx,fy,fz) for set LOADED_EDGE and time  0.9471875E+00

         8  3.221381E+00 -1.150102E+00 -9.109222E-14
        10  3.867543E-01  2.715409E-01 -1.012988E-13
       309  5.213092E+00 -8.137614E-01  1.274353E-13
       310  4.740186E+00 -6.665355E-01  1.332513E-13
       311  4.289079E+00 -5.894138E-01 -4.720303E-14
       312  4.008507E+00 -5.068602E-01  5.436041E-14
       313  3.767149E+00 -4.132674E-01  1.656563E-14
       314  3.595147E+00 -3.598261E-01  5.250892E-14
       315  3.422586E+00 -2.784036E-01  1.525072E-14
       316  3.271158E+00 -2.416840E-01 -3.360113E-16
       317  3.125213E+00 -1.924354E-01 -1.351179E-13
       318  2.984451E+00 -1.376175E-01 -1.109845E-13
       319  2.847150E+00 -1.029150E-01  1.250188E-14
       320  2.715424E+00 -6.426078E-02  1.611546E-14
       321  2.585303E+00 -2.504660E-02  6.454571E-14
       322  2.457652E+00  1.275844E-02 -1.939180E-13
       323  2.332296E+00  5.063416E-02 -7.999853E-14
       324  2.207596E+00  9.072446E-02 -8.035809E-14
       325  2.085207E+00  1.317455E-01 -8.092894E-14
       326  1.966905E+00  1.730793E-01 -6.526795E-14
       327  1.863024E+00  2.167661E-01 -7.949752E-14
       328  1.808953E+00  2.365944E-01  1.309311E-13
       329  1.864417E+00  2.450132E-01 -5.216256E-14
       330  1.563202E+00  1.766660E-01  2.615071E-14

 total force (fx,fy,fz) for set LOADED_EDGE and time  0.9471875E+00

        6.832183E+01 -3.936607E+00 -4.685468E-13

                                INCREMENT    46


 forces (fx,fy,fz) for set LOADED_EDGE and time  0.9721875E+00

         8  3.246111E+00 -1.156502E+00 -3.267047E-15
        10  2.148929E-01  2.162320E-01 -7.364439E-14
       309  5.240881E+00 -8.159636E-01  3.783557E-14
       310  4.754482E+00 -6.663660E-01  2.868583E-14
       311  4.291557E+00 -5.892307E-01 -4.061474E-14
       312  3.999721E+00 -5.071498E-01 -8.061652E-14
       313  3.747621E+00 -4.136710E-01 -3.058325E-14
       314  3.565805E+00 -3.605831E-01  1.753949E-14
       315  3.383167E+00 -2.804628E-01 -2.797919E-14
       316  3.222322E+00 -2.446850E-01 -5.441985E-14
       317  3.067021E+00 -1.959281E-01 -1.785515E-15
       318  2.916652E+00 -1.425435E-01 -9.921777E-14
       319  2.770351E+00 -1.089291E-01  4.828074E-14
       320  2.629370E+00 -7.152328E-02  1.599546E-14
       321  2.489960E+00 -3.362434E-02  1.769539E-16
       322  2.352860E+00  2.669821E-03 -1.780057E-13
       323  2.217811E+00  3.884690E-02 -3.197970E-14
       324  2.083103E+00  7.708623E-02 -1.289624E-13
       325  1.950147E+00  1.159011E-01  1.121865E-13
       326  1.820534E+00  1.546818E-01  1.447065E-13
       327  1.704121E+00  1.952736E-01 -9.610369E-14
       328  1.635338E+00  2.113859E-01  1.611182E-13
       329  1.671885E+00  2.146346E-01 -1.683561E-15
       330  1.340033E+00  1.358862E-01  1.545300E-14

 total force (fx,fy,fz) for set LOADED_EDGE and time  0.9721875E+00

        6.631574E+01 -4.224564E+00 -2.668850E-13

                                INCREMENT    47


 forces (fx,fy,fz) for set LOADED_EDGE and time  0.9971875E+00

         8  3.270700E+00 -1.162932E+00  1.392005E-14
        10  5.089599E-02  1.634741E-01 -6.238493E-14
       309  5.268560E+00 -8.183552E-01  7.065363E-14
       310  4.769061E+00 -6.664598E-01  3.086886E-14
       311  4.294738E+00 -5.893148E-01 -1.224434E-13
       312  3.992073E+00 -5.076854E-01 -1.127600E-13
       313  3.729664E+00 -4.143132E-01  4.776960E-14
       314  3.538444E+00 -3.615630E-01 -2.439017E-13
       315  3.346159E+00 -2.826845E-01 -1.165659E-13
       316  3.176303E+00 -2.478047E-01 -6.964970E-14
       317  3.012057E+00 -1.995139E-01  4.851484E-14
       318  2.852506E+00 -1.474914E-01  3.233948E-14
       319  2.697605E+00 -1.149093E-01 -3.126600E-17
       320  2.547782E+00 -7.868642E-02 -1.620594E-14
       321  2.399498E+00 -4.203192E-02 -1.639347E-14
       322  2.253371E+00 -7.167027E-03 -9.679062E-14
       323  2.109059E+00  2.740378E-02 -1.623027E-14
       324  1.964785E+00  6.389384E-02 -4.791637E-14
       325  1.821725E+00  1.006230E-01 -5.500805E-16
       326  1.681291E+00  1.369896E-01 -5.538150E-16
       327  1.552882E+00  1.746528E-01  3.277166E-14
       328  1.470011E+00  1.872474E-01  1.441435E-13
       329  1.488435E+00  1.855975E-01 -1.161089E-13
       330  1.127256E+00  9.695073E-02  3.844420E-14

 total force (fx,fy,fz) for set LOADED_EDGE and time  0.9971875E+00

        6.441486E+01 -4.504080E+00 -5.790605E-13

                                INCREMENT    48


 forces (fx,fy,fz) for set LOADED_EDGE and time  0.1000000E+01

         8  3.274901E+00 -1.164122E+00 -2.909017E-14
        10  3.258102E-02  1.575974E-01 -3.878877E-14
       309  5.273553E+00 -8.189807E-01 -5.701760E-14
       310  4.772333E+00 -6.667276E-01  9.761661E-14
       311  4.296592E+00 -5.895485E-01 -3.403735E-14
       312  3.992609E+00 -5.079367E-01 -9.649490E-14
       313  3.728947E+00 -4.145442E-01 -1.295076E-16
       314  3.536596E+00 -3.618139E-01 -1.063077E-13
       315  3.343153E+00 -2.830484E-01 -1.083823E-14
       316  3.172219E+00 -2.482576E-01  5.371173E-14
       317  3.006902E+00 -2.000023E-01 -1.173921E-13
       318  2.846255E+00 -1.481145E-01 -1.449764E-13
       319  2.690325E+00 -1.156367E-01 -4.862623E-14
       320  2.539448E+00 -7.953371E-02 -6.439132E-14
       321  2.390105E+00 -4.300589E-02 -1.652086E-14
       322  2.242902E+00 -8.289413E-03 -1.455352E-13
       323  2.097487E+00  2.611257E-02  6.465642E-14
       324  1.952074E+00  6.241798E-02  1.297738E-13
       325  1.807814E+00  9.892412E-02  1.446732E-13
       326  1.666098E+00  1.350306E-01  1.446191E-13
       327  1.536274E+00  1.723753E-01  9.724192E-14
       328  1.451751E+00  1.845840E-01  1.936057E-13
       329  1.468069E+00  1.823922E-01 -5.432413E-14
       330  1.103537E+00  9.263436E-02  2.333687E-14

 total force (fx,fy,fz) for set LOADED_EDGE and time  0.1000000E+01

        6.422253E+01 -4.537494E+00 -1.523505E-14
